 Ls=   275.304810    
 Lat=   37.0000000    
 Tau=  0.589494467    
 RunEnd - Atmos. Temp. File
 RunEnd - Atmos. Temp. File
