 Ls=   118.578262    
 Lat=  -4.50000000    
 Tau=  0.450918406    
 RunEnd - Atmos. Temp. File
 RunEnd - Atmos. Temp. File
