 Ls=   305.926605    
 Lat=   57.0000000    
 Tau=   2.99536324    
 RunEnd - Atmos. Temp. File
 RunEnd - Atmos. Temp. File
