 Ls=   47.0006905    
 Lat=   0.00000000    
 Tau=  0.200000003    
 RunEnd - Atmos. Temp. File
 RunEnd - Atmos. Temp. File
