 Ls=   52.9053040    
 Lat=   5.00000000    
 Tau=  0.207276151    
 RunEnd - Atmos. Temp. File
 RunEnd - Atmos. Temp. File
