 Ls=   69.9941101    
 Lat=  -7.85398185E-02
 Tau=  0.748980463    
 RunEnd - Atmos. Temp. File
