 Ls=   318.416046    
 Lat=   1.01229095    
 Tau=  0.348963052    
 RunEnd - Atmos. Temp. File
