 Ls=   291.781860    
 Lat=  -7.85398185E-02
 Tau=  0.742385864    
 RunEnd - Atmos. Temp. File
