 Ls=   341.538391    
 Lat=  -4.50000000    
 Tau=   1.00156116    
 RunEnd - Atmos. Temp. File
 RunEnd - Atmos. Temp. File
