 Ls=   146.495605    
 Lat=  -7.85398185E-02
 Tau=  0.184755847    
 RunEnd - Atmos. Temp. File
