 Ls=   35.4935684    
 Lat=  -5.00000000    
 Tau=   1.05916762    
 RunEnd - Atmos. Temp. File
 RunEnd - Atmos. Temp. File
