 Ls=   291.156830    
 Lat=  -4.50000000    
 Tau=  0.798808455    
 RunEnd - Atmos. Temp. File
 RunEnd - Atmos. Temp. File
