 Ls=   318.416046    
 Lat=   58.0900002    
 Tau=  0.345973939    
 RunEnd - Atmos. Temp. File
 RunEnd - Atmos. Temp. File
