 Ls=   305.926605    
 Lat=  0.994837701    
 Tau=   2.99536324    
 RunEnd - Atmos. Temp. File
