 Ls=   275.304810    
 Lat=  0.677187800    
 Tau=  0.530553758    
 RunEnd - Atmos. Temp. File
