 Ls=   56.9702110    
 Lat=  -7.85398185E-02
 Tau=  0.757640123    
 RunEnd - Atmos. Temp. File
