 Ls=   69.9941101    
 Lat=  -4.50000000    
 Tau=  0.748980463    
 RunEnd - Atmos. Temp. File
 RunEnd - Atmos. Temp. File
