 Ls=   52.9053040    
 Lat=  -7.85398185E-02
 Tau=  0.221513227    
 RunEnd - Atmos. Temp. File
