 Ls=   8.58847046    
 Lat=  -4.50000000    
 Tau=   1.08229673    
 RunEnd - Atmos. Temp. File
 RunEnd - Atmos. Temp. File
