 Ls=   259.784790    
 Lat=  -4.50000000    
 Tau=  0.113290995    
 RunEnd - Atmos. Temp. File
 RunEnd - Atmos. Temp. File
