 Ls=   147.538559    
 Lat=   2.39808226    
 Tau=  0.245238975    
 RunEnd - Atmos. Temp. File
