 Ls=   49.2769737    
 Lat=  -4.50000000    
 Tau=  0.723706007    
 RunEnd - Atmos. Temp. File
 RunEnd - Atmos. Temp. File
