 Ls=   51.9996758    
 Lat=   8.72664675E-02
 Tau=  0.207195640    
 RunEnd - Atmos. Temp. File
