 Ls=   36.4230881    
 Lat=  -4.50000000    
 Tau=  0.757640123    
 RunEnd - Atmos. Temp. File
 RunEnd - Atmos. Temp. File
