 Ls=   47.0006905    
 Lat=  -4.50000000    
 Tau=  0.865021408    
 RunEnd - Atmos. Temp. File
 RunEnd - Atmos. Temp. File
