 Ls=   275.304810    
 Lat=  0.645771861    
 Tau=  0.589494467    
 RunEnd - Atmos. Temp. File
