 Ls=   35.0281754    
 Lat=  -7.85398185E-02
 Tau=   1.06980991    
 RunEnd - Atmos. Temp. File
