 Ls=   8.58847046    
 Lat=  -7.85398185E-02
 Tau=   1.08229673    
 RunEnd - Atmos. Temp. File
