 Ls=   51.9996758    
 Lat=   5.00000000    
 Tau=  0.207195640    
 RunEnd - Atmos. Temp. File
 RunEnd - Atmos. Temp. File
