 Ls=   76.2704544    
 Lat=  -4.50000000    
 Tau=  0.445518792    
 RunEnd - Atmos. Temp. File
 RunEnd - Atmos. Temp. File
