 Ls=   69.0977249    
 Lat=  -4.50000000    
 Tau=  0.283591837    
 RunEnd - Atmos. Temp. File
 RunEnd - Atmos. Temp. File
