 Ls=   41.0458145    
 Lat=  -4.50000000    
 Tau=  0.858338356    
 RunEnd - Atmos. Temp. File
 RunEnd - Atmos. Temp. File
