 Ls=   323.059723    
 Lat=  0.853466034    
 Tau=   1.20147550    
 RunEnd - Atmos. Temp. File
