 Ls=   52.9053040    
 Lat=   8.72664675E-02
 Tau=  0.207276151    
 RunEnd - Atmos. Temp. File
