 Ls=   334.388153    
 Lat=  -28.1000004    
 Tau=  0.118138053    
 RunEnd - Atmos. Temp. File
 RunEnd - Atmos. Temp. File
