 Ls=   258.483673    
 Lat=  -4.50000000    
 Tau=   1.00156116    
 RunEnd - Atmos. Temp. File
 RunEnd - Atmos. Temp. File
