 Ls=   69.5459290    
 Lat=  -7.85398185E-02
 Tau=  0.748730183    
 RunEnd - Atmos. Temp. File
