 Ls=   334.388153    
 Lat= -0.490437537    
 Tau=  0.118138053    
 RunEnd - Atmos. Temp. File
