 Ls=   118.099403    
 Lat=  -4.50000000    
 Tau=  0.451266170    
 RunEnd - Atmos. Temp. File
 RunEnd - Atmos. Temp. File
