 Ls=   34.0960007    
 Lat=  -7.85398185E-02
 Tau=  0.858338356    
 RunEnd - Atmos. Temp. File
