 Ls=   323.059723    
 Lat=   48.9000015    
 Tau=   1.20147550    
 RunEnd - Atmos. Temp. File
 RunEnd - Atmos. Temp. File
