 Ls=   69.5459290    
 Lat=  -4.50000000    
 Tau=  0.763868272    
 RunEnd - Atmos. Temp. File
 RunEnd - Atmos. Temp. File
