 Ls=   76.7191162    
 Lat=  -4.50000000    
 Tau=  0.451266170    
 RunEnd - Atmos. Temp. File
 RunEnd - Atmos. Temp. File
