 Ls=   92.0558167    
 Lat=  -8.72664675E-02
 Tau=  0.184555024    
 RunEnd - Atmos. Temp. File
