 Ls=   47.0006905    
 Lat=  -7.85398185E-02
 Tau=  0.865021408    
 RunEnd - Atmos. Temp. File
