 Ls=   76.7191162    
 Lat=  -7.85398185E-02
 Tau=  0.451266170    
 RunEnd - Atmos. Temp. File
