 Ls=   56.0682411    
 Lat=   10.0000000    
 Tau=  0.211839423    
 RunEnd - Atmos. Temp. File
 RunEnd - Atmos. Temp. File
