 Ls=   43.8012619    
 Lat=  -4.50000000    
 Tau=  0.216584638    
 RunEnd - Atmos. Temp. File
 RunEnd - Atmos. Temp. File
