 Ls=   61.0211983    
 Lat=  -7.85398185E-02
 Tau=   1.06980991    
 RunEnd - Atmos. Temp. File
