 Ls=   147.016632    
 Lat=  -7.85398185E-02
 Tau=  0.184702262    
 RunEnd - Atmos. Temp. File
