 Ls=   52.9053040    
 Lat=  -4.50000000    
 Tau=  0.221513227    
 RunEnd - Atmos. Temp. File
 RunEnd - Atmos. Temp. File
