 Ls=   291.156830    
 Lat=  -7.85398185E-02
 Tau=  0.798808455    
 RunEnd - Atmos. Temp. File
