 Ls=   147.538559    
 Lat=   137.399994    
 Tau=  0.245238975    
 RunEnd - Atmos. Temp. File
 RunEnd - Atmos. Temp. File
