 Ls=   35.0281754    
 Lat=  -4.50000000    
 Tau=   1.06980991    
 RunEnd - Atmos. Temp. File
 RunEnd - Atmos. Temp. File
