 Ls=   51.9996758    
 Lat=  -9.42477882E-02
 Tau=  0.193854958    
 RunEnd - Atmos. Temp. File
