 Ls=   258.483673    
 Lat=   10.0000000    
 Tau=  0.218116730    
 RunEnd - Atmos. Temp. File
 RunEnd - Atmos. Temp. File
