 Ls=   43.8012619    
 Lat=  -7.85398185E-02
 Tau=  0.216584638    
 RunEnd - Atmos. Temp. File
