 Ls=   146.495605    
 Lat=  -4.50000000    
 Tau=  0.184755847    
 RunEnd - Atmos. Temp. File
 RunEnd - Atmos. Temp. File
