 Ls=   318.416046    
 Lat=   1.01386178    
 Tau=  0.345973939    
 RunEnd - Atmos. Temp. File
