 Ls=   358.460083    
 Lat=   0.00000000    
 Tau=  0.193171307    
 RunEnd - Atmos. Temp. File
