 Ls=   275.304810    
 Lat=   38.8000031    
 Tau=  0.530553758    
 RunEnd - Atmos. Temp. File
 RunEnd - Atmos. Temp. File
