 Ls=   38.2769814    
 Lat=  -7.85398185E-02
 Tau=  0.283591837    
 RunEnd - Atmos. Temp. File
