 Ls=   316.070251    
 Lat=  -7.85398185E-02
 Tau=   1.00156116    
 RunEnd - Atmos. Temp. File
