 Ls=   118.578262    
 Lat=  -7.85398185E-02
 Tau=  0.450918406    
 RunEnd - Atmos. Temp. File
