 Ls=   56.0682411    
 Lat=  0.174532935    
 Tau=  0.211839423    
 RunEnd - Atmos. Temp. File
