 Ls=   75.8218765    
 Lat=  -4.50000000    
 Tau=  0.451266170    
 RunEnd - Atmos. Temp. File
 RunEnd - Atmos. Temp. File
