 Ls=   34.0960007    
 Lat=  -30.0000000    
 Tau=  0.679343939    
 RunEnd - Atmos. Temp. File
 RunEnd - Atmos. Temp. File
