 Ls=   35.4935684    
 Lat=  -8.72664675E-02
 Tau=   1.05916762    
 RunEnd - Atmos. Temp. File
