 Ls=   358.460083    
 Lat=  -4.50000000    
 Tau=  0.951337397    
 RunEnd - Atmos. Temp. File
 RunEnd - Atmos. Temp. File
