 Ls=   358.460083    
 Lat=   2.39808226    
 Tau=  0.288144648    
 RunEnd - Atmos. Temp. File
