 Ls=   291.781860    
 Lat=  -4.50000000    
 Tau=  0.742385864    
 RunEnd - Atmos. Temp. File
 RunEnd - Atmos. Temp. File
