 Ls=   34.0960007    
 Lat= -0.523598790    
 Tau=  0.679343939    
 RunEnd - Atmos. Temp. File
