 Ls=   76.2704544    
 Lat=  -7.85398185E-02
 Tau=  0.445518792    
 RunEnd - Atmos. Temp. File
