 Ls=   318.416046    
 Lat=   57.9999962    
 Tau=  0.348963052    
 RunEnd - Atmos. Temp. File
 RunEnd - Atmos. Temp. File
