 Ls=   259.784790    
 Lat=  -7.85398185E-02
 Tau=  0.113290995    
 RunEnd - Atmos. Temp. File
