 Ls=   258.483673    
 Lat=  0.174532935    
 Tau=  0.218116730    
 RunEnd - Atmos. Temp. File
