 Ls=   151.216904    
 Lat=  -4.50000000    
 Tau=  0.184702262    
 RunEnd - Atmos. Temp. File
 RunEnd - Atmos. Temp. File
