 Ls=   358.460083    
 Lat=  -7.85398185E-02
 Tau=  0.948075354    
 RunEnd - Atmos. Temp. File
