 Ls=   51.9996758    
 Lat=  -5.40000010    
 Tau=  0.193854958    
 RunEnd - Atmos. Temp. File
 RunEnd - Atmos. Temp. File
