 Ls=   92.0558167    
 Lat=  -5.00000000    
 Tau=  0.184555024    
 RunEnd - Atmos. Temp. File
 RunEnd - Atmos. Temp. File
