 Ls=   282.329620    
 Lat=   0.00000000    
 Tau=  0.203797072    
 RunEnd - Atmos. Temp. File
 RunEnd - Atmos. Temp. File
