 Ls=   358.460083    
 Lat=   137.399994    
 Tau=  0.288144648    
 RunEnd - Atmos. Temp. File
 RunEnd - Atmos. Temp. File
