 Ls=   49.2769737    
 Lat=  -7.85398185E-02
 Tau=  0.763868272    
 RunEnd - Atmos. Temp. File
